,id,retweet_count,favorite_count
0,892420643555336193,8665,39035
1,892177421306343426,6366,33431
2,891815181378084864,4226,25198
3,891689557279858688,8770,42398
4,891327558926688256,9548,40549
5,891087950875897856,3168,20344
6,890971913173991426,2109,11930
7,890729181411237888,19206,65977
8,890609185150312448,4327,27929
9,890240255349198849,7543,32145
10,890006608113172480,7452,30827
11,889880896479866881,5043,27958
12,889665388333682689,10231,48353
13,889638837579907072,4616,27359
14,889531135344209921,2264,15183
15,889278841981685760,5529,25443
16,888917238123831296,4574,29268
17,888804989199671297,4424,25749
18,888554962724278272,3652,20050
19,null,null,null
20,888078434458587136,3566,21908
21,887705289381826560,5483,30385
22,887517139158093824,11846,46493
23,887473957103951883,18519,69574
24,887343217045368832,10565,33881
25,887101392804085760,6058,30742
26,886983233522544640,7890,35411
27,886736880519319552,3353,12158
28,886680336477933568,4543,22577
29,886366144734445568,3237,21260
30,886267009285017600,4,117
31,886258384151887873,6393,28149
32,886054160059072513,105,0
33,885984800019947520,6919,32935
34,885528943205470208,6544,36223
35,885518971528720385,3822,20552
36,885311592912609280,18866,0
37,885167619883638784,4453,22084
38,884925521741709313,18809,78010
39,884876753390489601,5941,28132
40,884562892145688576,5000,24461
41,884441805382717440,5741,27171
42,884247878851493888,20747,73460
43,884162670584377345,3040,20505
44,883838122936631299,3503,22048
45,883482846933004288,10148,46265
46,883360690899218434,3746,22688
47,883117836046086144,6780,37466
48,882992080364220416,3996,24086
49,882762694511734784,5002,28514
50,882627270321602560,6185,28054
51,882268110199369728,11800,45257
52,882045870035918850,5067,29553
53,881906580714921986,3447,24449
54,881666595344535552,10863,50888
55,881633300179243008,7,129
56,881536004380872706,16258,49748
57,881268444196462592,5238,23211
58,880935762899988482,2827,17124
59,880872448815771648,3891,21442
60,880465832366813184,6395,28709
61,880221127280381952,4309,27263
62,880095782870896641,4430,27804
63,879862464715927552,3562,22441
64,879674319642796034,10,314
65,879492040517615616,3244,23551
66,879415818425184262,44958,106633
67,879376492567855104,3172,16878
68,879130579576475649,6985,0
69,879050749262655488,4808,22745
70,879008229531029506,2741,19078
71,878776093423087618,4208,19514
72,878604707211726852,7389,30487
73,878404777348136964,1318,0
74,878316110768087041,6797,0
75,878281511006478336,1318,7818
76,878057613040115712,6985,42334
77,877736472329191424,19565,80513
78,877611172832227328,81,0
79,877556246731214848,3908,22954
80,877316821321428993,5292,27540
81,877201837425926144,5713,27334
82,876838120628539392,3435,20833
83,876537666061221889,4699,23592
84,876484053909872640,2459,18910
85,876120275196170240,4793,28101
86,875747767867523072,4388,25395
87,875144289856114688,5026,22080
88,875097192612077568,6180,27616
89,875021211251597312,4809,25681
90,874680097055178752,4750,28072
91,874434818259525634,15138,0
92,874296783580663808,4215,26277
93,874057562936811520,4047,22829
94,874012996292530176,10732,35010
95,null,null,null
96,873580283840344065,4041,24484
97,873337748698140672,1627,0
98,873213775632977920,1627,7348
99,872967104147763200,5545,27652
100,872820683541237760,3791,14850
101,872668790621863937,30,0
102,872620804844003328,3805,21012
103,872486979161796608,9229,41057
104,872261713294495745,6510,34611
105,872122724285648897,8351,34847
106,871879754684805121,11580,38543
107,871762521631449091,3581,20508
108,871515927908634625,3552,20463
109,871166179821445120,5859,0
110,871102520638267392,5645,21175
111,871032628920680449,3910,22955
112,870804317367881728,6423,34103
113,870726314365509632,3,120
114,870656317836468226,2742,12623
115,870374049280663552,27084,83867
116,870308999962521604,4288,22152
117,870063196459192321,8628,37239
118,null,null,null
119,869772420881756160,10409,43089
120,869702957897576449,6548,28709
121,869596645499047938,3247,16249
122,869227993411051520,3931,20805
123,868880397819494401,15035,66806
124,868639477480148993,2178,0
125,868622495443632128,6145,27880
126,868552278524837888,2178,10373
127,867900495410671616,4345,24628
128,867774946302451713,7617,34657
129,867421006826221569,2629,16502
130,867072653475098625,131,0
131,867051520902168576,8225,32929
132,null,null,null
133,866720684873056260,5045,20569
134,866686824827068416,3642,19790
135,866450705531457537,36787,124811
136,866334964761202691,15138,53873
137,866094527597207552,8731,0
138,865718153858494464,5863,26235
139,865359393868664832,5244,27140
140,865006731092295680,8039,28697
141,864873206498414592,9159,33165
142,864279568663928832,3198,14991
143,864197398364647424,9405,30976
144,863907417377173506,4345,21178
145,863553081350529029,4377,15695
146,863471782782697472,2607,0
147,863432100342583297,5547,24442
148,863427515083354112,102,2325
149,863079547188785154,1157,8990
150,863062471531167744,2607,8795
151,862831371563274240,5333,19717
152,862722525377298433,3720,17551
153,862457590147678208,5234,21165
154,862096992088072192,24554,76846
155,null,null,null
156,861383897657036800,11283,37185
157,861288531465048066,4395,17721
158,861005113778896900,4020,17251
159,860981674716409858,2278,0
160,860924035999428608,862,0
161,860563773140209665,2278,7741
162,860524505164394496,5570,24366
163,860276583193509888,3669,18895
164,860184849394610176,6178,17218
165,860177593139703809,32655,0
166,859924526012018688,4262,19735
167,859851578198683649,3711,15892
168,859607811541651456,1668,19206
169,859196978902773760,32082,93032
170,859074603037188101,14436,35078
171,858860390427611136,8613,0
172,858843525470990336,3685,16084
173,858471635011153920,5145,22276
174,858107933456039936,3092,16292
175,857989990357356544,2750,16711
176,857746408056729600,11276,35500
177,857393404942143489,1737,6135
178,857263160327368704,4823,20720
179,857214891891077121,20,239
180,857062103051644929,179,0
181,857029823797047296,4267,19632
182,856602993587888130,11392,0
183,856543823941562368,3071,16918
184,856526610513747968,2011,12286
185,856330835276025856,722,0
186,856288084350160898,17,533
187,856282028240666624,6731,28724
188,855862651834028034,28,362
189,855860136149123072,1104,5058
190,855857698524602368,2266,12314
191,855851453814013952,18853,47222
192,855818117272018944,5822,27676
193,855459453768019968,8821,31215
194,855245323840757760,6415,0
195,855138241867124737,49,0
196,854732716440526848,6546,23838
197,854482394044301312,7407,30659
198,854365224396361728,5054,19747
199,854120357044912130,8091,33395
200,854010172552949760,3379,16914
201,853760880890318849,6255,29980
202,853639147608842240,10991,36615
203,853299958564483072,3850,16291
204,852936405516943360,2186,0
205,852912242202992640,1994,9485
206,852672615818899456,2325,15683
207,852553447878664193,3808,17221
208,852311364735569921,10738,34823
209,852226086759018497,7407,21038
210,852189679701164033,1710,12049
211,851953902622658560,10465,0
212,851861385021730816,23,0
213,851591660324737024,3755,17070
214,851464819735769094,7685,25591
215,851224888060895234,6224,21774
216,850753642995093505,10135,32834
217,850380195714523136,2843,13783
218,850333567704068097,362,3603
219,850145622816686080,4155,17256
220,850019790995546112,5343,21632
221,849776966551130114,8305,32219
222,849668094696017920,5411,0
223,849412302885593088,3421,16803
224,849336543269576704,2061,12089
225,849051919805034497,9318,44742
226,848690551926992896,4722,26709
227,848324959059550208,5031,26251
228,848213670039564288,816,8677
229,848212111729840128,3366,17339
230,847978865427394560,3567,0
231,847971574464610304,470,0
232,847962785489326080,5623,24910
233,847842811428974592,1479,5839
234,847617282490613760,459,7442
235,847606175596138505,3704,19904
236,847251039262605312,4689,21684
237,847157206088847362,6432,21241
238,847116187444137987,3504,22769
239,846874817362120707,4321,21359
240,846514051647705089,12757,47591
241,846505985330044928,3410,15062
242,846153765933735936,9968,33833
243,846139713627017216,10769,32768
244,846042936437604353,3159,17018
245,845812042753855489,9646,31217
246,845677943972139009,5246,26753
247,null,null,null
248,845397057150107648,2015,8123
249,845306882940190720,5929,24861
250,845098359547420673,8452,0
251,844979544864018432,2849,14526
252,844973813909606400,3535,16122
253,844704788403113984,11392,41342
254,844580511645339650,3455,17573
255,844223788422217728,2410,14539
256,843981021012017153,3217,16107
257,843856843873095681,5112,22857
258,843604394117681152,3017,18033
259,843235543001513987,6700,22971
260,null,null,null
261,842846295480000512,3942,16223
262,842765311967449089,1416,7208
263,842535590457499648,3853,19338
264,842163532590374912,6415,26196
265,842115215311396866,3328,14999
266,841833993020538882,17034,0
267,841680585030541313,8560,27425
268,841439858740625411,4077,13536
269,841320156043304961,5982,21116
270,841314665196081154,5193,17014
271,841077006473256960,5859,24555
272,840761248237133825,1939,0
273,840728873075638272,17871,0
274,840698636975636481,3,195
275,840696689258311684,1094,13184
276,840632337062862849,1939,9622
277,840370681858686976,5043,17651
278,840268004936019968,6342,20664
279,839990271299457024,2545,14405
280,839549326359670784,8613,29544
281,839290600511926273,157,0
282,839239871831150596,7255,29201
283,838952994649550848,4412,21052
284,838921590096166913,2297,12000
285,838916489579200512,37,0
286,838831947270979586,12308,0
287,838561493054533637,1471,11719
288,838476387338051585,5344,24289
289,838201503651401729,11242,0
290,838150277551247360,359,1802
291,838085839343206401,0,149
292,838083903487373313,3490,18920
293,837820167694528512,8731,36771
294,837482249356513284,490,4139
295,837471256429613056,2564,13777
296,837366284874571778,5879,22706
297,837110210464448512,2667,17229
298,null,null,null
299,836989968035819520,2554,13673
300,836753516572119041,5123,20707
301,836677758902222849,2463,13563
302,836648853927522308,614,0
303,836397794269200385,30662,0
304,836380477523124226,3266,15833
305,836260088725786625,4761,22848
306,836001077879255040,4812,20584
307,835685285446955009,9121,0
308,835574547218894849,4033,19172
309,835536468978302976,1892,0
310,835309094223372289,23448,0
311,835297930240217089,3322,17627
312,835264098648616962,1892,8364
313,835246439529840640,81,2237
314,835172783151792128,6392,28133
315,835152434251116546,3372,24189
316,834931633769889797,1836,11668
317,834786237630337024,6060,22680
318,834574053763584002,2819,14776
319,834477809192075265,11894,0
320,834458053273591808,1865,10363
321,834209720923721728,5338,22222
322,834167344700198914,4039,16963
323,834089966724603904,2370,10831
324,834086379323871233,2463,14078
325,833863086058651648,2672,14452
326,833826103416520705,3835,16516
327,833732339549220864,242,0
328,833722901757046785,3570,22273
329,833479644947025920,2298,16012
330,833124694597443584,5411,21814
331,832998151111966721,2475,14360
332,832769181346996225,44,0
333,832757312314028032,4034,18166
334,832682457690300417,3294,12829
335,832645525019123713,579,3145
336,832636094638288896,3137,17130
337,832397543355072512,2487,12928
338,832369877331693569,3567,18534
339,832273440279240704,2610,12194
340,832215909146226688,6915,0
341,832215726631055365,10467,0
342,832088576586297345,2,72
343,832040443403784192,10863,0
344,832032802820481025,5216,19304
345,831939777352105988,6874,25957
346,831926988323639298,37,366
347,831911600680497154,7296,29904
348,831670449226514432,2025,11305
349,831650051525054464,2186,7762
350,831552930092285952,2563,9738
351,831322785565769729,1708,9912
352,831315979191906304,1242,7014
353,831309418084069378,2721,12644
354,831262627380748289,2299,12868
355,830956169170665475,1687,8615
356,830583320585068544,18866,72396
357,830173239259324417,6393,0
358,830097400375152640,3377,10644
359,829878982036299777,5623,0
360,829861396166877184,2200,13255
361,829501995190984704,11894,34350
362,829449946868879360,2281,11354
363,829374341691346946,10465,37547
364,829141528400556032,8320,26568
365,829011960981237760,18200,57391
366,828801551087042563,3816,0
367,828770345708580865,6598,27695
368,828708714936930305,12587,39654
369,828650029636317184,1506,10308
370,828409743546925057,1285,6809
371,828408677031882754,1436,8291
372,828381636999917570,2490,13679
373,828376505180889089,1191,8010
374,828372645993398273,3276,13570
375,828361771580813312,192,2370
376,828046555563323392,3202,12761
377,828011680017821696,2398,11225
378,827933404142436356,5873,21863
379,827653905312006145,3363,16762
380,827600520311402496,1056,8043
381,827324948884643840,3427,17230
382,null,null,null
383,827199976799354881,2516,11486
384,826958653328592898,5623,23425
385,826848821049180160,11553,39685
386,826615380357632002,4434,0
387,826598799820865537,288,5559
388,826598365270007810,2640,10941
389,826476773533745153,4714,19998
390,826240494070030336,2910,14404
391,826204788643753985,1055,5288
392,826115272272650244,3525,17040
393,825876512159186944,2102,11359
394,825829644528148480,2797,13832
395,825535076884762624,19337,56532
396,825147591692263424,5143,19897
397,825120256414846976,1448,0
398,825026590719483904,1448,6910
399,824796380199809024,6175,0
400,824775126675836928,3967,16281
401,824663926340194305,1953,10948
402,824325613288833024,11653,12815
403,824297048279236611,4356,16358
404,824025158776213504,667,5189
405,823939628516474880,3052,11581
406,823719002937630720,12690,0
407,823699002998870016,2714,13660
408,823581115634085888,2984,14184
409,823333489516937216,29,761
410,823322678127919110,4539,17162
411,823269594223824897,11124,0
412,822975315408461824,3876,18852
413,822872901745569793,49560,144133
414,822859134160621569,2570,14388
415,822647212903690241,7224,0
416,822610361945911296,3342,16078
417,822489057087389700,7224,19793
418,822462944365645825,16702,31254
419,822244816520155136,11124,38235
420,822163064745328640,5445,0
421,821886076407029760,2640,12390
422,821813639212650496,3765,0
423,821765923262631936,1869,9202
424,821522889702862852,1992,8738
425,821421320206483457,6315,0
426,821407182352777218,4924,12873
427,821153421864615936,10,276
428,821149554670182400,2271,9543
429,821107785811234820,2413,10483
430,821044531881721856,2584,13821
431,820837357901512704,7559,0
432,820749716845686786,11242,34467
433,820690176645140481,3640,13343
434,820494788566847489,638,0
435,820446719150292993,2914,0
436,820314633777061888,638,3652
437,820078625395449857,7096,21625
438,820013781606658049,1334,0
439,819952236453363712,1334,5819
440,819924195358416896,5478,14043
441,819711362133872643,3539,14673
442,819588359383371776,2221,10450
443,819347104292290561,1358,7890
444,819238181065359361,454,2503
445,819227688460238848,7559,25237
446,819015337530290176,41327,0
447,819015331746349057,21336,0
448,819006400881917954,21336,49256
449,819004803107983360,41327,94177
450,818646164899774465,23544,0
451,818627210458333184,8396,24244
452,818614493328580609,2917,10788
453,818588835076603904,6966,0
454,818536468981415936,2804,11943
455,818307523543449600,9184,0
456,818259473185828864,2571,12023
457,818145370475810820,2940,13459
458,817908911860748288,891,5282
459,817827839487737858,30662,56767
460,817777686764523521,3013,11711
461,817536400337801217,3433,12913
462,817502432452313088,3837,0
463,817423860136083457,17034,37541
464,817415592588222464,1093,6145
465,817181837579653120,9646,0
466,817171292965273600,2273,9540
467,817120970343411712,2962,13264
468,817056546584727552,1874,9377
469,816829038950027264,5357,0
470,816816676327063552,2312,10920
471,816697700272001025,2488,10738
472,816450570814898180,9184,33483
473,816336735214911488,2219,9418
474,816091915477250048,2441,9774
475,816062466425819140,1184,0
476,816014286006976512,6028,0
477,815990720817401858,1184,5462
478,815966073409433600,9646,24646
479,815745968457060357,4679,0
480,815736392542261248,2570,10776
481,815639385530101762,1866,9021
482,815390420867969024,4302,11309
483,814986499976527872,1472,8356
484,814638523311648768,3071,12340
485,814578408554463233,6607,0
486,814530161257443328,2105,9504
487,814153002265309185,9861,31502
488,813944609378369540,3661,0
489,813910438903693312,2136,10180
490,813812741911748608,15901,39791
491,813800681631023104,2010,9160
492,813217897535406080,8268,20475
493,813202720496779264,2042,10054
494,813187593374461952,4951,21733
495,813172488309972993,2180,10236
496,813157409116065792,2511,8474
497,813142292504645637,2670,9219
498,813130366689148928,500,4890
499,813127251579564032,3565,13034
500,813112105746448384,3141,11330
501,813096984823349248,4110,11522
502,813081950185472002,3143,10827
503,813066809284972545,2209,8726
504,813051746834595840,8309,22973
505,812781120811126785,2163,8284
506,812747805718642688,7899,0
507,812709060537683968,1628,7266
508,812503143955202048,1392,6680
509,812466873996607488,2186,8778
510,812372279581671427,4169,15010
511,811985624773361665,1593,7975
512,811744202451197953,1831,8281
513,811647686436880384,842,6118
514,811627233043480576,3560,14052
515,811386762094317568,7261,22933
516,810984652412424192,1624,5857
517,810896069567610880,2036,9944
518,810657578271330305,2998,12029
519,810284430598270976,13015,38982
520,810254108431155201,3816,16131
521,809920764300447744,4434,16994
522,809808892968534016,5578,0
523,809448704142938112,1667,7606
524,809220051211603969,6393,21896
525,809084759137812480,3978,14479
526,808838249661788160,3451,11089
527,808733504066486276,2454,8670
528,808501579447930884,2942,12391
529,808344865868283904,23544,46622
530,808134635716833280,6792,0
531,808106460588765185,2470,9570
532,808001312164028416,4011,13796
533,807621403335917568,4183,16016
534,807106840509214720,61657,123591
535,807059379405148160,8328,0
536,807010152071229440,4332,14309
537,806629075125202948,39825,82752
538,806620845233815552,6275,0
539,806576416489959424,2191,5303
540,806542213899489280,2700,11217
541,806242860592926720,13296,0
542,806219024703037440,1366,7041
543,805958939288408065,6107,0
544,805932879469572096,2156,9078
545,805826884734976000,2080,7228
546,805823200554876929,9172,0
547,805520635690676224,1878,6291
548,805487436403003392,2870,9626
549,805207613751304193,1927,8549
550,804738756058218496,4377,15114
551,804475857670639616,2296,6768
552,804413760345620481,3650,0
553,804026241225523202,18456,49047
554,803773340896923648,3147,11052
555,803692223237865472,8478,0
556,803638050916102144,4714,12074
557,803380650405482500,2119,8500
558,803321560782307329,6077,0
559,803276597545603072,2809,11044
560,802952499103731712,2279,9932
561,802624713319034886,3327,0
562,802600418706604034,1670,7835
563,802572683846291456,2855,9828
564,802323869084381190,6655,17868
565,802265048156610565,1545,6967
566,null,null,null
567,802239329049477120,2961,9971
568,802185808107208704,306,0
569,801958328846974976,1940,8485
570,801854953262350336,265,1933
571,801538201127157760,2341,9005
572,801285448605831168,942,6674
573,801167903437357056,6792,26970
574,801127390143516673,4526,0
575,801115127852503040,2369,8876
576,800859414831898624,111,764
577,800855607700029440,1852,0
578,800751577355128832,3151,11540
579,800513324630806528,3422,14470
580,800459316964663297,2436,10386
581,800443802682937345,4929,0
582,800388270626521089,3185,12266
583,800188575492947969,4477,0
584,800141422401830912,2914,16838
585,800018252395122689,15014,31280
586,799774291445383169,5356,0
587,799757965289017345,2458,9258
588,799422933579902976,2172,8842
589,799308762079035393,6321,0
590,799297110730567681,3164,10905
591,799063482566066176,2799,8910
592,798933969379225600,5096,14500
593,798925684722855936,1636,8159
594,798705661114773508,7530,0
595,798701998996647937,8902,0
596,798697898615730177,7430,0
597,798694562394996736,5678,0
598,798686750113755136,2641,0
599,798682547630837760,5401,0
600,798673117451325440,6346,0
601,798665375516884993,4430,0
602,798644042770751489,2108,0
603,798628517273620480,2232,0
604,798585098161549313,6505,0
605,798576900688019456,6720,0
606,798340744599797760,3834,0
607,798209839306514432,2900,11398
608,797971864723324932,3577,12823
609,797545162159308800,5515,15976
610,797236660651966464,7551,22013
611,797165961484890113,32,254
612,796904159865868288,10176,0
613,796865951799083009,2155,8438
614,796759840936919040,3493,13076
615,796563435802726400,8343,0
616,796484825502875648,2006,8348
617,796387464403357696,4742,12140
618,796177847564038144,16286,0
619,796149749086875649,16286,35654
620,796125600683540480,2035,5442
621,796116448414461957,2753,10003
622,796080075804475393,2632,9304
623,796031486298386433,4204,11891
624,795464331001561088,27137,54915
625,795400264262053889,3259,11124
626,795076730285391872,6175,17876
627,794983741416415232,3839,0
628,794926597468000259,2636,11318
629,794355576146903043,11741,0
630,794332329137291264,3013,10523
631,794205286408003585,3795,10154
632,793962221541933056,5578,18565
633,793845145112371200,2137,10141
634,793614319594401792,3572,0
635,793601777308463104,1864,8787
636,793500921481273345,2716,11774
637,793286476301799424,10467,27143
638,793271401113350145,2688,9515
639,793256262322548741,9485,22019
640,793241302385262592,3732,11602
641,793226087023144960,3260,10832
642,793210959003287553,3221,9835
643,793195938047070209,6393,16816
644,793180763617361921,2254,7615
645,793165685325201412,3172,10350
646,793150605191548928,1952,6791
647,793135492858580992,2830,7107
648,793120401413079041,4448,13971
649,792913359805018113,4591,15813
650,792883833364439040,4864,12463
651,792773781206999040,1917,8087
652,792394556390137856,4887,14881
653,792050063153438720,2040,7911
654,791821351946420224,23963,0
655,791784077045166082,11014,0
656,791780927877898241,4332,0
657,791774931465953280,25307,49640
658,791672322847637504,3572,12947
659,791406955684368384,4679,14459
660,791312159183634433,2894,9687
661,791026214425268224,4704,0
662,790987426131050500,2426,10919
663,790946055508652032,5357,18295
664,790723298204217344,2642,0
665,790698755171364864,2162,9035
666,790581949425475584,8152,22775
667,790337589677002753,2127,8627
668,790277117346975746,3661,13844
669,790227638568808452,4082,0
670,789986466051088384,2642,10218
671,789960241177853952,4738,0
672,789903600034189313,4713,11453
673,789628658055020548,2028,8312
674,789599242079838210,2206,7486
675,789530877013393408,3839,12961
676,789314372632018944,2616,9483
677,789280767834746880,5624,0
678,789268448748703744,2950,10047
679,789137962068021249,3175,10693
680,788908386943430656,14127,30157
681,788765914992902144,11741,30240
682,788552643979468800,8222,0
683,788412144018661376,6045,17187
684,788178268662984705,2431,7977
685,788150585577050112,1485,6768
686,788070120937619456,3879,0
687,788039637453406209,1504,6754
688,787810552592695296,3473,9568
689,787717603741622272,3167,11249
690,787397959788929025,3221,11929
691,787322443945877504,1988,8586
692,787111942498508800,7616,0
693,786963064373534720,9121,29236
694,786729988674449408,2752,0
695,786709082849828864,6915,19990
696,786664955043049472,2929,11760
697,786595970293370880,3524,10352
698,786363235746385920,3979,12002
699,786286427768250368,3262,8793
700,786233965241827333,5445,16890
701,786051337297522688,176,1586
702,786036967502913536,8026,0
703,785927819176054784,3580,12510
704,785872687017132033,2072,7353
705,785639753186217984,2512,8586
706,785533386513321988,2284,10030
707,785515384317313025,1437,6706
708,785264754247995392,1863,8002
709,785170936622350336,5526,13304
710,784826020293709826,3650,11162
711,784517518371221505,2879,9867
712,784431430411685888,1449,6242
713,784183165795655680,9172,22139
714,784057939640352768,12690,32918
715,783839966405230592,12308,33104
716,783821107061198850,2227,8094
717,783695101801398276,3652,11476
718,783466772167098368,2558,9313
719,783391753726550016,6274,18581
720,783347506784731136,6380,0
721,783334639985389568,13296,32138
722,783085703974514689,2509,8952
723,782969140009107456,8328,26527
724,782747134529531904,1575,8192
725,782722598790725632,6107,18955
726,782598640137187329,2139,8571
727,782305867769217024,6316,18323
728,782021823840026624,7090,0
729,781955203444699136,3820,12183
730,781661882474196992,3074,11449
731,781655249211752448,1263,4395
732,781524693396357120,6275,22811
733,781308096455073793,2889,7843
734,781251288990355457,2387,9281
735,781163403222056960,3088,10713
736,780931614150983680,8343,23762
737,780858289093574656,2260,7892
738,780800785462489090,1470,6057
739,780601303617732608,3765,13284
740,780543529827336192,1970,6925
741,780496263422808064,4219,0
742,780476555013349377,134,0
743,780459368902959104,1203,5797
744,780192070812196864,2534,9565
745,780092040432480260,2607,0
746,780074436359819264,5667,13464
747,779834332596887552,8026,20917
748,779377524342161408,3530,9685
749,779124354206535695,20843,0
750,779123168116150273,4125,12960
751,779056095788752897,5118,16229
752,778990705243029504,8255,21978
753,778774459159379968,11276,0
754,778764940568104960,414,941
755,778748913645780993,1519,7575
756,778650543019483137,1693,6343
757,778624900596654080,1142,5105
758,778408200802557953,4913,14934
759,778396591732486144,13878,0
760,778383385161035776,1247,6416
761,778286810187399168,3748,11381
762,778039087836069888,2989,9300
763,778027034220126208,1839,7201
764,777953400541634568,3984,0
765,777885040357281792,1857,6971
766,777684233540206592,3327,12321
767,777641927919427584,4823,0
768,777621514455814149,2822,9593
769,777189768882946048,4891,15690
770,776819012571455488,15508,0
771,776813020089548800,1370,5352
772,776477788987613185,3166,9718
773,776249906839351296,10382,0
774,776218204058357768,18068,32848
775,776201521193218049,2841,10511
776,776113305656188928,4929,12887
777,776088319444877312,173,2008
778,775898661951791106,17484,0
779,775842724423557120,3032,12823
780,775733305207554048,4526,15181
781,775729183532220416,5189,14149
782,775364825476165632,3376,8166
783,775350846108426240,4432,11127
784,null,null,null
785,775085132600442880,5356,17023
786,774757898236878852,1987,9335
787,774639387460112384,1964,7374
788,774314403806253056,6321,23829
789,773985732834758656,4382,11749
790,773922284943896577,1951,6995
791,773704687002451968,1843,7203
792,773670353721753600,1464,5838
793,773547596996571136,6966,24135
794,773336787167145985,5772,0
795,773308824254029826,8452,25403
796,773247561583001600,3616,10251
797,773191612633579521,4631,10925
798,772877495989305348,4391,9394
799,772826264096874500,2615,8719
800,772615324260794368,3809,0
801,772581559778025472,1918,7091
802,772193107915964416,1566,6567
803,772152991789019136,1269,4124
804,772117678702071809,825,4096
805,772114945936949249,531,2963
806,772102971039580160,1046,4384
807,771908950375665664,2129,7188
808,771770456517009408,3834,13142
809,771500966810099713,2948,9035
810,771380798096281600,5772,11540
811,771171053431250945,8518,0
812,771136648247640064,3284,10062
813,771102124360998913,1616,6794
814,771014301343748096,1868,7534
815,771004394259247104,248,0
816,770787852854652928,1378,5417
817,770772759874076672,1587,5671
818,770743923962707968,51318,0
819,770655142660169732,1971,8011
820,770414278348247044,2323,6877
821,770293558247038976,1676,6812
822,770093767776997377,3431,0
823,770069151037685760,2594,8271
824,769940425801170949,10863,34403
825,769695466921623552,1875,6990
826,769335591808995329,8650,0
827,769212283578875904,1925,5905
828,768970937022709760,7381,15758
829,768909767477751808,3058,0
830,768855141948723200,1012,4587
831,768609597686943744,1358,4496
832,768596291618299904,1438,5503
833,768554158521745409,6558,0
834,768473857036525572,3865,14866
835,768193404517830656,3984,11920
836,767884188863397888,1586,5206
837,767754930266464257,6077,17526
838,767500508068192258,2635,8163
839,767191397493538821,4297,13417
840,767122157629476866,3201,11046
841,766864461642756096,6366,0
842,766793450729734144,1532,5553
843,766714921925144576,429,2833
844,766693177336135680,891,4413
845,766423258543644672,1786,6581
846,766313316352462849,2121,7396
847,766078092750233600,2910,0
848,766069199026450432,982,4676
849,766008592277377025,561,4072
850,765719909049503744,2421,7888
851,765669560888528897,1375,5661
852,765395769549590528,3801,28578
853,765371061932261376,2420,7730
854,765222098633691136,3809,12691
855,764857477905154048,1983,6988
856,764259802650378240,1708,6603
857,763956972077010945,61,800
858,763837565564780549,4704,13792
859,763183847194451968,1666,5921
860,763167063695355904,3405,0
861,763103485927849985,2551,8024
862,762699858130116608,4082,13307
863,762471784394268675,7356,12330
864,762464539388485633,4738,11314
865,762316489655476224,1267,5267
866,762035686371364864,17534,34887
867,761976711479193600,2265,5902
868,761750502866649088,4438,0
869,761745352076779520,962,4650
870,761672994376806400,32655,54046
871,761599872357261312,1315,4504
872,761371037149827077,20095,0
873,761334018830917632,1623,5694
874,761292947749015552,1237,4879
875,761227390836215808,1736,5811
876,761004547850530816,3879,12285
877,760893934457552897,1087,4176
878,760656994973933572,2156,7212
879,760641137271070720,1450,5398
880,760539183865880579,4066,8265
881,760521673607086080,1573,4618
882,760290219849637889,12872,29181
883,760252756032651264,972,4287
884,760190180481531904,2024,6226
885,760153949710192640,37,0
886,759943073749200896,2337,6481
887,759923798737051648,6366,16007
888,759846353224826880,2220,7318
889,759793422261743616,2137,6491
890,759566828574212096,23775,0
891,759557299618865152,1315,5120
892,759447681597108224,2752,9270
893,759446261539934208,552,1821
894,759197388317847553,2173,6611
895,759159934323924993,1322,0
896,759099523532779520,4708,15816
897,759047813560868866,2257,7100
898,758854675097526272,1001,3855
899,758828659922702336,4288,12199
900,758740312047005698,1788,6240
901,758474966123810816,1109,4151
902,758467244762497024,2487,5237
903,758405701903519748,2150,5667
904,758355060040593408,1213,3732
905,758099635764359168,11276,20937
906,758041019896193024,423,2959
907,757741869644341248,3629,7491
908,757729163776290825,9116,0
909,757725642876129280,1366,4945
910,757611664640446465,1246,4957
911,757597904299253760,326,0
912,757596066325864448,1184,4744
913,757400162377592832,7613,16494
914,757393109802180609,1960,6350
915,757354760399941633,1591,4923
916,756998049151549440,2226,6823
917,756939218950160384,2240,7232
918,756651752796094464,1481,5526
919,756526248105566208,4065,11321
920,756303284449767430,1203,4300
921,756288534030475264,18275,41519
922,756275833623502848,1710,7006
923,755955933503782912,3221,7966
924,755206590534418437,6010,17918
925,755110668769038337,12381,23066
926,754874841593970688,8986,0
927,754856583969079297,2815,7480
928,754747087846248448,583,2803
929,754482103782404096,2173,5769
930,754449512966619136,823,4084
931,754120377874386944,2602,8529
932,754011816964026368,4019,9572
933,753655901052166144,2436,6360
934,753420520834629632,3991,8593
935,753398408988139520,2143,6298
936,753375668877008896,2607,8278
937,753298634498793472,6473,0
938,753294487569522689,1162,3701
939,753039830821511168,23448,40387
940,753026973505581056,1088,4224
941,752932432744185856,7616,13743
942,752917284578922496,1749,7467
943,752701944171524096,3223,0
944,752682090207055872,1798,6537
945,752660715232722944,1754,4804
946,752568224206688256,2549,6039
947,752519690950500352,3840,8027
948,752334515931054080,1235,4154
949,752309394570878976,18609,0
950,752173152931807232,2062,6471
951,751950017322246144,1039,3360
952,751937170840121344,1497,5682
953,751830394383790080,2178,6319
954,751793661361422336,3258,6378
955,751598357617971201,3372,8572
956,751583847268179968,1246,4791
957,751538714308972544,1412,5467
958,751456908746354688,1104,3477
959,751251247299190784,6552,13581
960,751205363882532864,2038,6853
961,751132876104687617,1455,5531
962,750868782890057730,1556,5217
963,750719632563142656,5624,14384
964,750506206503038976,1283,4847
965,750429297815552001,4823,14320
966,750383411068534784,1274,4930
967,750381685133418496,35,748
968,750147208377409536,1077,3360
969,750132105863102464,1406,3939
970,750117059602808832,1441,4679
971,750101899009982464,937,3300
972,750086836815486976,607,2358
973,750071704093859840,3727,8517
974,750056684286914561,992,3391
975,750041628174217216,690,3447
976,750026558547456000,875,2943
977,750011400160841729,1013,3520
978,749996283729883136,898,3281
979,749981277374128128,2728,5543
980,749774190421639168,1466,5042
981,749417653287129088,1867,6618
982,749403093750648834,609,2847
983,749395845976588288,3860,9336
984,749317047558017024,2462,5960
985,749075273010798592,2306,6256
986,749064354620928000,1685,5197
987,749036806121881602,874,3364
988,748977405889503236,3803,11661
989,748932637671223296,2504,6348
990,748705597323898880,1049,2997
991,748699167502000129,1779,5135
992,748692773788876800,1472,4588
993,748575535303884801,2220,6577
994,748568946752774144,753,2370
995,748346686624440324,1380,5652
996,748337862848962560,4596,8321
997,748324050481647620,851,4018
998,748307329658011649,797,3976
999,748220828303695873,8661,15289
1000,747963614829678593,2399,6284
1001,747933425676525569,2840,7180
1002,747885874273214464,1099,3191
1003,747844099428986880,831,3036
1004,747816857231626240,1294,5264
1005,747651430853525504,175,1494
1006,747648653817413632,6491,13970
1007,747600769478692864,606,2515
1008,747594051852075008,1179,3990
1009,747512671126323200,1760,6024
1010,747461612269887489,1156,4191
1011,747439450712596480,2146,5892
1012,747242308580548608,3199,0
1013,747219827526344708,1747,5711
1014,747204161125646336,1018,3665
1015,747103485104099331,4452,10385
1016,746906459439529985,331,3116
1017,746872823977771008,2383,6483
1018,746818907684614144,1907,5720
1019,746790600704425984,1773,5269
1020,746757706116112384,4332,10330
1021,746726898085036033,1993,6538
1022,746542875601690625,2065,5439
1023,746521445350707200,1089,0
1024,746507379341139972,1201,5019
1025,746369468511756288,1825,6537
1026,746131877086527488,2449,7444
1027,746056683365994496,913,3838
1028,745789745784041472,1182,4364
1029,745712589599014916,2581,7527
1030,745433870967832576,2820,7685
1031,745422732645535745,2710,9257
1032,745314880350101504,3067,7733
1033,745074613265149952,3893,8461
1034,745057283344719872,2533,7819
1035,744995568523612160,699,3227
1036,744971049620602880,2978,8505
1037,744709971296780288,1725,6043
1038,744334592493166593,2376,7298
1039,744234799360020481,77979,129087
1040,744223424764059648,415,1837
1041,743980027717509120,1208,4483
1042,743895849529389061,1060,3932
1043,743835915802583040,2327,0
1044,743609206067040256,1526,4839
1045,743595368194129920,7286,19945
1046,743545585370791937,1044,3803
1047,743510151680958465,4089,8519
1048,743253157753532416,1336,4549
1049,743222593470234624,2109,6681
1050,743210557239623680,1511,4140
1051,742534281772302336,3933,7607
1052,742528092657332225,2198,4804
1053,742465774154047488,4293,7824
1054,742423170473463808,4219,10645
1055,742385895052087300,2207,7331
1056,742161199639494656,1518,4683
1057,742150209887731712,1737,5564
1058,741793263812808706,1668,4900
1059,741743634094141440,3066,8814
1060,741438259667034112,922,3958
1061,741303864243200000,3575,9478
1062,741099773336379392,6119,10813
1063,741067306818797568,3431,10179
1064,740995100998766593,3079,6911
1065,740711788199743490,1035,3681
1066,740699697422163968,864,3058
1067,740676976021798912,7530,19556
1068,740373189193256964,14742,37375
1069,740365076218183684,483,2674
1070,740359016048689152,945,3560
1071,740214038584557568,2174,7203
1072,739979191639244800,6558,21513
1073,739932936087216128,1192,4373
1074,739844404073074688,938,4079
1075,739623569819336705,1512,4105
1076,739606147276148736,1839,5814
1077,739544079319588864,23775,42923
1078,739485634323156992,3249,7755
1079,739238157791694849,51318,73858
1080,738891149612572673,6,115
1081,738885046782832640,1255,4053
1082,738883359779196928,895,3604
1083,738537504001953792,1728,5486
1084,738402415918125056,939,3531
1085,738184450748633089,1334,4654
1086,738166403467907072,3759,9472
1087,738156290900254721,733,2726
1088,737826014890496000,1962,5664
1089,737800304142471168,3824,10763
1090,737678689543020544,1477,5428
1091,737445876994609152,4944,11113
1092,737322739594330112,886,3880
1093,737310737551491075,8184,15805
1094,736736130620620800,1927,4648
1095,736392552031657984,8222,19152
1096,736365877722001409,1373,4312
1097,736225175608430592,3052,8742
1098,736010884653420544,3273,8516
1099,735991953473572864,1268,3874
1100,735648611367784448,1207,4322
1101,735635087207878657,2607,6671
1102,735274964362878976,5617,13991
1103,735256018284875776,973,3618
1104,735137028879360001,1068,3367
1105,734912297295085568,568,2939
1106,734787690684657664,6959,13530
1107,734776360183431168,599,2695
1108,734559631394082816,438,1612
1109,733828123016450049,860,3865
1110,733822306246479872,1115,3955
1111,733482008106668032,1048,3377
1112,733460102733135873,1413,4525
1113,733109485275860992,17484,45689
1114,732732193018155009,589,2625
1115,732726085725589504,978,3799
1116,732585889486888962,850,3962
1117,732375214819057664,2773,8700
1118,732005617171337216,6028,16060
1119,731285275100512256,1076,3747
1120,731156023742988288,1398,4124
1121,730924654643314689,2185,6580
1122,730573383004487680,2380,5303
1123,730427201120833536,1152,3737
1124,730211855403241472,1154,4115
1125,730196704625098752,2123,5251
1126,729854734790754305,1230,4322
1127,729838605770891264,421,1831
1128,729823566028484608,1367,4291
1129,729463711119904772,2536,6237
1130,729113531270991872,362,2025
1131,728986383096946689,898,3410
1132,728760639972315136,1871,5013
1133,728751179681943552,743,2998
1134,728653952833728512,1149,3562
1135,728409960103686147,2220,5296
1136,728387165835677696,1050,3943
1137,728046963732717569,1295,4640
1138,728035342121635841,1839,4881
1139,728015554473250816,1204,4411
1140,727685679342333952,698,3150
1141,727644517743104000,1923,6334
1142,727524757080539137,1352,4807
1143,727314416056803329,823,3563
1144,727286334147182592,902,3264
1145,727175381690781696,1502,4151
1146,727155742655025152,1461,3910
1147,726935089318363137,2691,7392
1148,726887082820554753,1657,4121
1149,726828223124897792,1106,3815
1150,726224900189511680,1274,4737
1151,725842289046749185,2910,7571
1152,725786712245440512,1492,4465
1153,725729321944506368,1957,5565
1154,725458796924002305,684,1512
1155,724983749226668032,1435,3974
1156,724771698126512129,708,2548
1157,724405726123311104,1812,5698
1158,724049859469295616,1943,4655
1159,724046343203856385,609,2859
1160,724004602748780546,1743,4488
1161,723912936180330496,1347,4173
1162,723688335806480385,3275,8293
1163,723673163800948736,985,3243
1164,723179728551723008,2065,5683
1165,722974582966214656,1726,4408
1166,722613351520608256,1797,5310
1167,721503162398597120,2071,4995
1168,721001180231503872,677,2711
1169,720785406564900865,847,3343
1170,720775346191278080,745,2652
1171,720415127506415616,1641,4426
1172,720389942216527872,2772,6872
1173,720340705894408192,1074,3073
1174,720059472081784833,1243,4169
1175,720043174954147842,2202,5257
1176,719991154352222208,1931,5196
1177,719704490224398336,1591,4889
1178,719551379208073216,2129,5417
1179,719367763014393856,812,2985
1180,719339463458033665,1370,4729
1181,719332531645071360,1050,3657
1182,718971898235854848,1210,3746
1183,718939241951195136,1929,5617
1184,718631497683582976,8902,20348
1185,718613305783398402,531,2625
1186,718540630683709445,1112,2673
1187,718460005985447936,586,2897
1188,718454725339934721,1654,5227
1189,718246886998687744,556,2066
1190,718234618122661888,1101,4145
1191,717841801130979328,656,2622
1192,717790033953034240,1244,3113
1193,717537687239008257,2023,6179
1194,717428917016076293,502,1713
1195,717421804990701568,930,3383
1196,717047459982213120,2095,6726
1197,717009362452090881,1081,3508
1198,716802964044845056,1289,4571
1199,716791146589110272,1523,5919
1200,716730379797970944,467,1318
1201,716447146686459905,6471,14082
1202,716439118184652801,242,2531
1203,716285507865542656,1196,2986
1204,716080869887381504,1913,5239
1205,715928423106027520,968,3437
1206,715758151270801409,1568,4010
1207,715733265223708672,1869,5005
1208,715704790270025728,622,3009
1209,715696743237730304,1421,4187
1210,715680795826982913,1784,4635
1211,715360349751484417,1731,5861
1212,715342466308784130,756,3242
1213,715220193576927233,724,2583
1214,715200624753819648,2070,5494
1215,715009755312439296,1366,4476
1216,714982300363173890,1134,4027
1217,714962719905021952,4707,7897
1218,714957620017307648,1558,4437
1219,714631576617938945,1099,3506
1220,714606013974974464,1023,3882
1221,714485234495041536,1284,2915
1222,714258258790387713,792,3225
1223,714251586676113411,926,3506
1224,714214115368108032,968,2438
1225,714141408463036416,1539,4609
1226,713919462244790272,854,3500
1227,713909862279876608,600,2043
1228,713900603437621249,819,3023
1229,713761197720473600,1517,5228
1230,713411074226274305,1418,4719
1231,713177543487135744,3121,7731
1232,713175907180089344,1599,4784
1233,712809025985978368,7430,20008
1234,712717840512598017,5483,13273
1235,712668654853337088,1340,4462
1236,712438159032893441,1716,5710
1237,712309440758808576,26,265
1238,712097430750289920,1153,4083
1239,712092745624633345,997,3162
1240,712085617388212225,542,3474
1241,712065007010385924,693,2418
1242,711998809858043904,137,0
1243,711968124745228288,2544,8638
1244,711743778164514816,1084,3053
1245,711732680602345472,4541,9583
1246,711694788429553666,20095,35289
1247,711652651650457602,1015,4157
1248,711363825979756544,1259,3923
1249,711306686208872448,804,3539
1250,711008018775851008,691,3217
1251,710997087345876993,1537,4887
1252,710844581445812225,754,2738
1253,710833117892898816,591,2892
1254,710658690886586372,625,2473
1255,710609963652087808,2579,5147
1256,710588934686908417,2065,4894
1257,710296729921429505,814,2539
1258,710283270106132480,568,2278
1259,710272297844797440,1387,4856
1260,710269109699739648,1235,2576
1261,710153181850935296,980,3114
1262,710140971284037632,983,2973
1263,710117014656950272,2199,5909
1264,709918798883774466,1187,3199
1265,709901256215666688,109,721
1266,709852847387627521,1313,3764
1267,709566166965075968,1338,3792
1268,709556954897764353,1174,3530
1269,709519240576036864,267,1596
1270,709449600415961088,653,2391
1271,709409458133323776,767,2818
1272,709225125749587968,632,2577
1273,709207347839836162,6428,13541
1274,709198395643068416,706,2591
1275,709179584944730112,745,2169
1276,709158332880297985,459,2198
1277,709042156699303936,1817,5123
1278,708853462201716736,724,1923
1279,708845821941387268,988,3184
1280,708834316713893888,554,1824
1281,708810915978854401,7661,17736
1282,708738143638450176,896,2940
1283,708711088997666817,806,2741
1284,708479650088034305,749,2729
1285,708469915515297792,903,3306
1286,708400866336894977,11121,17214
1287,708356463048204288,1492,3883
1288,708349470027751425,813,2523
1289,708149363256774660,1693,4581
1290,708130923141795840,927,3647
1291,708119489313951744,1076,2889
1292,708109389455101952,596,2080
1293,708026248782585858,2121,4694
1294,707995814724026368,1238,3332
1295,707983188426153984,2,51
1296,707969809498152960,1073,2897
1297,707776935007539200,1049,3522
1298,707741517457260545,675,2677
1299,707738799544082433,2724,4411
1300,707693576495472641,1104,3687
1301,707629649552134146,968,2776
1302,707610948723478529,7090,18261
1303,707420581654872064,774,2449
1304,707411934438625280,661,2442
1305,707387676719185920,1447,3774
1306,707377100785885184,1188,3533
1307,707315916783140866,709,2653
1308,707297311098011648,885,2959
1309,707059547140169728,747,2761
1310,707038192327901184,884,2365
1311,707021089608753152,1515,4363
1312,707014260413456384,652,2468
1313,706904523814649856,8650,15685
1314,706901761596989440,665,2225
1315,706681918348251136,1067,3563
1316,706644897839910912,1204,2775
1317,706593038911545345,694,2319
1318,706538006853918722,1552,3716
1319,706516534877929472,1134,3336
1320,706346369204748288,1015,3706
1321,706310011488698368,8821,23071
1322,706291001778950144,513,1827
1323,706265994973601792,1010,2925
1324,706169069255446529,2455,4217
1325,706166467411222528,1776,5531
1326,706153300320784384,424,1606
1327,705975130514706432,821,3338
1328,705970349788291072,988,3376
1329,705898680587526145,626,2550
1330,705786532653883392,585,2094
1331,705591895322394625,1278,3416
1332,705475953783398401,1023,3192
1333,705442520700944385,1826,4797
1334,705428427625635840,1879,4112
1335,705239209544720384,829,3226
1336,705223444686888960,885,2774
1337,705102439679201280,572,2314
1338,705066031337840642,667,2337
1339,704871453724954624,1229,4532
1340,704859558691414016,601,2423
1341,704847917308362754,1697,5514
1342,704819833553219584,1115,2849
1343,704761120771465216,3199,7150
1344,704499785726889984,1103,3169
1345,704491224099647488,95,824
1346,704480331685040129,1173,3663
1347,704364645503647744,3919,8656
1348,704347321748819968,386,1704
1349,704134088924532736,510,1626
1350,704113298707505153,619,1998
1351,704054845121142784,1007,3151
1352,703774238772166656,514,1985
1353,703769065844768768,1253,3555
1354,703631701117943808,761,2793
1355,703611486317502464,1678,4158
1356,703425003149250560,1527,4097
1357,703407252292673536,766,2653
1358,703382836347330562,1261,3777
1359,703356393781329922,426,2048
1360,703268521220972544,610,2115
1361,703079050210877440,3412,7947
1362,703041949650034688,13878,28503
1363,702932127499816960,799,2780
1364,702899151802126337,499,1740
1365,702684942141153280,1192,3463
1366,702671118226825216,619,2361
1367,702598099714314240,3629,11139
1368,702539513671897089,1064,3085
1369,702332542343577600,1713,3446
1370,702321140488925184,1138,3544
1371,702276748847800320,842,2659
1372,702217446468493312,1483,5185
1373,701981390485725185,1088,3701
1374,701952816642965504,1126,4113
1375,701889187134500865,1520,3839
1376,701805642395348998,1867,3693
1377,701601587219795968,511,2247
1378,701570477911896070,1033,3030
1379,701545186879471618,669,2855
1380,701214700881756160,5678,13235
1381,700890391244103680,637,2397
1382,700864154249383937,674,2790
1383,700847567345688576,551,2615
1384,700796979434098688,1058,2622
1385,700747788515020802,10382,24687
1386,700518061187723268,886,2835
1387,700505138482569216,631,2448
1388,700462010979500032,1994,4469
1389,700167517596164096,824,2854
1390,700151421916807169,736,2416
1391,700143752053182464,3058,8134
1392,700062718104104960,763,2839
1393,700029284593901568,644,2225
1394,700002074055016451,1492,3568
1395,699801817392291840,1072,3287
1396,699788877217865730,545,2425
1397,699779630832685056,1371,2988
1398,699775878809702401,671,2108
1399,699691744225525762,5073,11056
1400,699446877801091073,2889,6386
1401,699434518667751424,567,2342
1402,699423671849451520,370,1477
1403,699413908797464576,682,2220
1404,699370870310113280,488,2021
1405,699323444782047232,964,3401
1406,699088579889332224,699,2408
1407,699079609774645248,726,2631
1408,699072405256409088,1308,3242
1409,699060279947165696,2011,4081
1410,699036661657767936,1319,2817
1411,698989035503689728,1086,3656
1412,698953797952008193,997,2917
1413,698907974262222848,683,2736
1414,698710712454139905,757,2669
1415,698703483621523456,419,1567
1416,698635131305795584,375,1380
1417,698549713696649216,687,2496
1418,698355670425473025,500,2011
1419,698342080612007937,1053,2446
1420,698262614669991936,2231,5120
1421,698195409219559425,6607,18109
1422,698178924120031232,814,3033
1423,697995514407682048,365,1639
1424,697990423684476929,1425,3545
1425,697943111201378304,760,2582
1426,697881462549430272,1313,3255
1427,697630435728322560,597,1879
1428,697616773278015490,1121,3403
1429,697596423848730625,1395,3262
1430,697575480820686848,558,2204
1431,697516214579523584,1252,2235
1432,697482927769255936,751,2608
1433,697463031882764288,1524,3685
1434,697270446429966336,2054,5036
1435,697259378236399616,1106,3552
1436,697255105972801536,1286,3256
1437,697242256848379904,737,2711
1438,696900204696625153,1134,3447
1439,696894894812565505,746,2537
1440,696886256886657024,1982,5222
1441,696877980375769088,786,2638
1442,696754882863349760,392,1585
1443,696744641916489729,1051,2250
1444,696713835009417216,729,2564
1445,696518437233913856,1858,4208
1446,696490539101908992,166,1319
1447,696488710901260288,1144,2743
1448,696405997980676096,1258,3467
1449,696100768806522880,734,2089
1450,695816827381944320,1292,3235
1451,695794761660297217,862,3432
1452,695767669421768709,830,2021
1453,695629776980148225,2335,4933
1454,695446424020918272,1997,4697
1455,695409464418041856,3943,9292
1456,695314793360662529,1637,3928
1457,695095422348574720,675,2834
1458,695074328191332352,1217,3061
1459,695064344191721472,666,1733
1460,695051054296211456,875,2867
1461,694925794720792577,1016,2907
1462,694905863685980160,1037,2989
1463,694669722378485760,15957,38212
1464,694356675654983680,321,1626
1465,694352839993344000,687,2200
1466,694342028726001664,543,1700
1467,694329668942569472,553,2167
1468,694206574471057408,2254,4515
1469,694183373896572928,1026,3178
1470,694001791655137281,1155,3641
1471,693993230313091072,449,2017
1472,693942351086120961,408,1863
1473,693647888581312512,659,2912
1474,693644216740769793,143,1447
1475,693642232151285760,461,2742
1476,693629975228977152,883,2638
1477,693622659251335168,409,1657
1478,693590843962331137,2179,5467
1479,693582294167244802,284,1775
1480,693486665285931008,686,1904
1481,693280720173801472,1376,3613
1482,693267061318012928,906,2566
1483,693262851218264065,558,2407
1484,693231807727280129,812,3077
1485,693155686491000832,3552,8521
1486,693109034023534592,676,1852
1487,693095443459342336,512,2017
1488,692919143163629568,826,2881
1489,692905862751522816,977,2631
1490,692901601640583168,669,1937
1491,692894228850999298,893,2463
1492,692828166163931137,973,3099
1493,692752401762250755,4034,7365
1494,692568918515392513,1700,4660
1495,692535307825213440,1502,3445
1496,692530551048294401,467,1987
1497,692423280028966913,257,1589
1498,692417313023332352,3837,10103
1499,692187005137076224,911,2715
1500,692158366030913536,885,2322
1501,692142790915014657,433,1762
1502,692041934689402880,1405,3660
1503,692017291282812928,1063,3091
1504,691820333922455552,1826,4249
1505,691793053716221953,4646,8778
1506,691756958957883396,1142,3126
1507,691675652215414786,565,2084
1508,691483041324204033,640,2552
1509,691459709405118465,1274,4381
1510,691444869282295808,941,2857
1511,691416866452082688,8478,20899
1512,691321916024623104,733,2783
1513,691096613310316544,1000,3199
1514,691090071332753408,378,1839
1515,690989312272396288,3196,6387
1516,690959652130045952,1391,3849
1517,690938899477221376,2212,4468
1518,690932576555528194,1124,3547
1519,690735892932222976,1418,4065
1520,690728923253055490,580,2333
1521,690690673629138944,879,2501
1522,690649993829576704,314,1409
1523,690607260360429569,19,313
1524,690597161306841088,669,2118
1525,690400367696297985,500,2007
1526,690374419777196032,961,3498
1527,690360449368465409,985,2870
1528,690348396616552449,560,1615
1529,690248561355657216,460,1815
1530,690021994562220032,1150,3015
1531,690015576308211712,816,2696
1532,690005060500217858,1869,3937
1533,689999384604450816,415,1533
1534,689993469801164801,510,1583
1535,689977555533848577,491,1471
1536,689905486972461056,771,2609
1537,689877686181715968,1317,3248
1538,689835978131935233,837,2335
1539,689661964914655233,1023,3442
1540,689659372465688576,4316,11229
1541,689623661272240129,726,2420
1542,689599056876867584,6115,12554
1543,689557536375177216,509,2218
1544,689517482558820352,1581,3660
1545,689289219123089408,1033,2428
1546,689283819090870273,1226,3553
1547,689280876073582592,799,2159
1548,689275259254616065,275,1248
1549,689255633275777024,1193,2766
1550,689154315265683456,1112,3303
1551,689143371370250240,575,2190
1552,688916208532455424,962,2942
1553,688908934925697024,857,2274
1554,688898160958271489,874,2270
1555,688894073864884227,777,2408
1556,688828561667567616,412,1478
1557,688804835492233216,219,1029
1558,688789766343622656,736,2387
1559,688547210804498433,776,2809
1560,688519176466644993,807,2482
1561,688385280030670848,4934,10037
1562,688211956440801280,930,2393
1563,688179443353796608,653,2284
1564,688116655151435777,870,3043
1565,688064179421470721,401,1847
1566,687841446767013888,2813,5905
1567,687826841265172480,1260,2944
1568,687818504314159109,1065,2705
1569,687807801670897665,776,2583
1570,687732144991551489,731,1898
1571,687704180304273409,937,2630
1572,687664829264453632,570,2093
1573,687494652870668288,641,2067
1574,687480748861947905,277,1724
1575,687476254459715584,602,2140
1576,687460506001633280,601,2200
1577,687399393394311168,692,2044
1578,687317306314240000,10176,21718
1579,687312378585812992,2111,4695
1580,687127927494963200,2534,5907
1581,687124485711986689,560,2332
1582,687109925361856513,2745,6262
1583,687102708889812993,1099,2519
1584,687096057537363968,680,2415
1585,686947101016735744,3517,9280
1586,686760001961103360,1525,3792
1587,686749460672679938,1631,3751
1588,686730991906516992,1326,4482
1589,686683045143953408,893,3021
1590,686618349602762752,1510,3976
1591,686606069955735556,599,2034
1592,686394059078897668,757,1894
1593,686386521809772549,981,3499
1594,686377065986265092,626,2390
1595,686358356425093120,757,2368
1596,686286779679375361,1853,4324
1597,686050296934563840,817,2381
1598,686035780142297088,134,1253
1599,686034024800862208,1304,3362
1600,686007916130873345,464,2667
1601,686003207160610816,712,1965
1602,685973236358713344,595,2282
1603,685943807276412928,682,1770
1604,685906723014619143,3232,8126
1605,685681090388975616,140,2186
1606,685667379192414208,644,2522
1607,685663452032069632,1622,3500
1608,685641971164143616,862,3163
1609,685547936038666240,17391,35598
1610,685532292383666176,1278,3280
1611,685325112850124800,4438,10271
1612,685321586178670592,719,2866
1613,685315239903100929,1204,3614
1614,685307451701334016,487,2223
1615,685268753634967552,1342,3353
1616,685198997565345792,742,2506
1617,685169283572338688,1590,4414
1618,684969860808454144,428,2469
1619,684959798585110529,3468,7181
1620,684940049151070208,1162,3466
1621,684926975086034944,533,3785
1622,684914660081053696,1625,3784
1623,684902183876321280,594,2018
1624,684880619965411328,918,2258
1625,684830982659280897,23963,37892
1626,684800227459624960,1096,2927
1627,684594889858887680,3929,9661
1628,684588130326986752,1563,4438
1629,684567543613382656,1381,3257
1630,684538444857667585,1067,2864
1631,684481074559381504,1297,4173
1632,684460069371654144,616,2129
1633,684241637099323392,3656,8826
1634,684225744407494656,235,1340
1635,684222868335505415,1533,4152
1636,684200372118904832,1145,2348
1637,684195085588783105,578,2065
1638,684188786104872960,1309,3756
1639,684177701129875456,747,2181
1640,684147889187209216,1660,3204
1641,684122891630342144,527,2141
1642,684097758874210310,1592,4438
1643,683857920510050305,1235,4094
1644,683852578183077888,391,2074
1645,683849932751646720,1090,2826
1646,683834909291606017,1233,2831
1647,683828599284170753,1167,2997
1648,683773439333797890,1500,3616
1649,683742671509258241,3705,7042
1650,683515932363329536,3223,7939
1651,683498322573824003,1065,3409
1652,683481228088049664,1095,2834
1653,683462770029932544,747,2630
1654,683449695444799489,1782,4208
1655,683391852557561860,2641,8206
1656,683357973142474752,1042,3176
1657,683142553609318400,1154,3100
1658,683111407806746624,1016,3674
1659,683098815881154561,721,2329
1660,683078886620553216,623,2136
1661,683030066213818368,810,2325
1662,682962037429899265,18587,40007
1663,682808988178739200,206,1911
1664,682788441537560576,1240,2659
1665,682750546109968385,483,1638
1666,682697186228989953,395,1412
1667,682662431982772225,1185,3286
1668,682638830361513985,665,2220
1669,682429480204398592,1286,3701
1670,682406705142087680,1962,8178
1671,682393905736888321,755,2393
1672,682389078323662849,513,1794
1673,682303737705140231,1107,3319
1674,682259524040966145,1355,4501
1675,682242692827447297,1311,3510
1676,682088079302213632,11014,19781
1677,682059653698686977,1881,5355
1678,682047327939461121,1069,3470
1679,682032003584274432,2239,7092
1680,682003177596559360,1693,3390
1681,681981167097122816,1138,2982
1682,681891461017812993,928,2652
1683,681694085539872773,4477,13776
1684,681679526984871937,492,1893
1685,681654059175129088,1026,2852
1686,681610798867845120,522,2066
1687,681579835668455424,1453,3824
1688,681523177663676416,6473,15470
1689,681340665377193984,309,1773
1690,681339448655802368,4507,10023
1691,681320187870711809,846,2874
1692,681302363064414209,2032,4263
1693,681297372102656000,1066,3432
1694,681281657291280384,1225,3466
1695,681261549936340994,301,1563
1696,681242418453299201,609,1611
1697,681231109724700672,532,2576
1698,681193455364796417,1651,4000
1699,680970795137544192,731,2618
1700,680959110691590145,2204,4908
1701,680940246314430465,1182,3474
1702,680934982542561280,487,2236
1703,680913438424612864,691,2568
1704,680889648562991104,409,1902
1705,680836378243002368,1485,3711
1706,680805554198020098,737,2331
1707,680801747103793152,912,2555
1708,680798457301471234,1158,3080
1709,680609293079592961,793,2836
1710,680583894916304897,1483,3884
1711,680497766108381184,2126,4565
1712,680494726643068929,533,1844
1713,680473011644985345,829,2726
1714,680440374763077632,554,1556
1715,680221482581123072,323,1567
1716,680206703334408192,1300,3052
1717,680191257256136705,568,2307
1718,680176173301628928,1732,4199
1719,680161097740095489,811,2490
1720,680145970311643136,1928,3889
1721,680130881361686529,1054,2472
1722,680115823365742593,1010,2916
1723,680100725817409536,1517,3831
1724,680085611152338944,9841,13745
1725,680070545539371008,970,2769
1726,680055455951884288,7899,17975
1727,679877062409191424,709,2119
1728,679872969355714560,732,2325
1729,679862121895714818,688,2642
1730,679854723806179328,1364,3094
1731,679844490799091713,866,2551
1732,679828447187857408,15508,39055
1733,679777920601223168,1248,3326
1734,679736210798047232,889,2264
1735,679729593985699840,913,2326
1736,679722016581222400,523,1782
1737,679530280114372609,2294,5128
1738,679527802031484928,806,2852
1739,679511351870550016,1427,3636
1740,679503373272485890,1640,3413
1741,679475951516934144,710,2256
1742,679462823135686656,20843,34213
1743,679405845277462528,1340,2562
1744,679158373988876288,8986,23146
1745,679148763231985668,1140,2981
1746,679132435750195208,1285,3190
1747,679111216690831360,2838,6412
1748,679062614270468097,9116,18401
1749,679047485189439488,760,2428
1750,679001094530465792,1362,3032
1751,678991772295516161,1299,2503
1752,678969228704284672,514,1764
1753,678800283649069056,996,2763
1754,678798276842360832,1316,3743
1755,678774928607469569,1018,2991
1756,678767140346941444,1521,3791
1757,678764513869611008,530,1751
1758,678755239630127104,3667,7675
1759,678740035362037760,1894,4031
1760,678708137298427904,2696,5976
1761,678675843183484930,1645,3086
1762,678643457146150913,479,2211
1763,678446151570427904,1748,4283
1764,678424312106393600,2822,5824
1765,678410210315247616,2017,4558
1766,678399652199309312,30224,61391
1767,678396796259975168,466,1706
1768,678389028614488064,464,2002
1769,678380236862578688,996,2611
1770,678341075375947776,594,1863
1771,678334497360859136,295,1395
1772,678278586130948096,6702,12313
1773,678255464182861824,409,1698
1774,678023323247357953,431,2062
1775,678021115718029313,7009,14746
1776,677961670166224897,1846,3647
1777,677918531514703872,448,1446
1778,677895101218201600,2338,5185
1779,677716515794329600,1078,3271
1780,677700003327029250,1581,3629
1781,677698403548192770,354,1309
1782,677687604918272002,928,2640
1783,677673981332312066,1644,3572
1784,677662372920729601,1074,2094
1785,677644091929329666,874,2010
1786,677573743309385728,807,2288
1787,677565715327688705,505,1382
1788,677557565589463040,1285,2615
1789,677547928504967168,3992,7427
1790,677530072887205888,246,1140
1791,677335745548390400,1973,3271
1792,677334615166730240,325,1453
1793,677331501395156992,261,1168
1794,677328882937298944,1651,3881
1795,677314812125323265,596,1761
1796,677301033169788928,456,1333
1797,677269281705472000,777,2126
1798,677228873407442944,1799,3781
1799,677187300187611136,1008,2924
1800,676975532580409345,1177,2961
1801,676957860086095872,891,2352
1802,676949632774234114,435,1386
1803,676948236477857792,961,2312
1804,676946864479084545,416,1818
1805,676942428000112642,842,2217
1806,676936541936185344,5401,13575
1807,676916996760600576,1966,3173
1808,676897532954456065,801,2396
1809,676864501615042560,785,2241
1810,676821958043033607,17181,24658
1811,676819651066732545,726,1921
1812,676811746707918848,463,1510
1813,676776431406465024,2200,5303
1814,676617503762681856,1085,3092
1815,676613908052996102,213,1157
1816,676606785097199616,483,2006
1817,676603393314578432,431,1252
1818,676593408224403456,2365,4873
1819,676590572941893632,139,979
1820,676588346097852417,873,2485
1821,676582956622721024,308,1286
1822,676575501977128964,1235,2760
1823,676533798876651520,607,1999
1824,676496375194980353,588,1608
1825,676470639084101634,5119,12421
1826,676440007570247681,734,1831
1827,676430933382295552,377,1486
1828,676263575653122048,594,2203
1829,676237365392908289,328,1300
1830,676219687039057920,33953,79133
1831,676215927814406144,645,1846
1832,676191832485810177,1123,2424
1833,676146341966438401,726,2047
1834,676121918416756736,1273,2289
1835,676101918813499392,1261,2983
1836,676098748976615425,1574,3209
1837,676089483918516224,469,1402
1838,675898130735476737,637,1744
1839,675891555769696257,953,2267
1840,675888385639251968,1047,2536
1841,675878199931371520,1544,4441
1842,675870721063669760,619,1747
1843,675853064436391936,1424,2865
1844,675849018447167488,167,1000
1845,675845657354215424,974,2432
1846,675822767435051008,579,1620
1847,675820929667219457,252,1119
1848,675798442703122432,3700,10895
1849,675781562965868544,518,1712
1850,675740360753160193,379,1234
1851,675710890956750848,904,2009
1852,675707330206547968,754,2111
1853,675706639471788032,104,681
1854,675534494439489536,457,1912
1855,675531475945709568,421,1249
1856,675522403582218240,308,1103
1857,675517828909424640,497,1387
1858,675501075957489664,6346,18193
1859,675497103322386432,1420,3328
1860,675489971617296384,650,1376
1861,675483430902214656,1058,1952
1862,675432746517426176,617,1604
1863,675372240448454658,549,1804
1864,675362609739206656,253,1113
1865,675354435921575936,18609,34698
1866,675349384339542016,2469,4171
1867,675334060156301312,1402,2950
1868,675166823650848770,1757,3831
1869,675153376133427200,2839,6672
1870,675149409102012420,1835,3962
1871,675147105808306176,261,1003
1872,675146535592706048,341,1270
1873,675145476954566656,981,2257
1874,675135153782571009,532,1368
1875,675113801096802304,854,2074
1876,675111688094527488,276,1020
1877,675109292475830276,1228,2948
1878,675047298674663426,356,1119
1879,675015141583413248,1298,2857
1880,675006312288268288,245,1032
1881,675003128568291329,507,1638
1882,674999807681908736,1205,2383
1883,674805413498527744,385,912
1884,674800520222154752,936,3173
1885,674793399141146624,1194,2648
1886,674790488185167872,272,1164
1887,674788554665512960,225,852
1888,674781762103414784,1312,2113
1889,674774481756377088,522,1192
1890,674767892831932416,863,1936
1891,674764817387900928,259,833
1892,674754018082705410,482,1439
1893,674752233200820224,503,1553
1894,674743008475090944,595,1476
1895,674742531037511680,54,517
1896,674739953134403584,425,1179
1897,674737130913071104,100,676
1898,674690135443775488,503,1210
1899,674670581682434048,704,1708
1900,674664755118911488,273,974
1901,674646392044941312,545,1507
1902,674644256330530816,299,1080
1903,674638615994089473,632,1776
1904,674632714662858753,622,1581
1905,674606911342424069,110,992
1906,674468880899788800,2226,6549
1907,674447403907457024,385,1121
1908,674436901579923456,422,1176
1909,674422304705744896,575,1508
1910,674416750885273600,152,716
1911,674410619106390016,508,1263
1912,674394782723014656,619,1578
1913,674372068062928900,334,900
1914,674330906434379776,80,588
1915,674318007229923329,559,1485
1916,674307341513269249,7490,11925
1917,674291837063053312,6380,15540
1918,674271431610523648,785,1653
1919,674269164442398721,250,943
1920,674265582246694913,913,1721
1921,674262580978937856,491,1359
1922,674255168825880576,606,1546
1923,674082852460433408,182,789
1924,674075285688614912,308,1028
1925,674063288070742018,2399,6698
1926,674053186244734976,1411,3507
1927,674051556661161984,523,1533
1928,674045139690631169,694,1490
1929,674042553264685056,139,756
1930,674038233588723717,443,1157
1931,674036086168010753,235,886
1932,674024893172875264,1325,1880
1933,674019345211760640,330,1189
1934,674014384960745472,702,1644
1935,674008982932058114,382,1264
1936,673956914389192708,1046,2060
1937,673919437611909120,391,1224
1938,673906403526995968,1767,3348
1939,673887867907739649,270,979
1940,673716320723169284,821,3234
1941,673715861853720576,2256,3738
1942,673711475735838725,320,1094
1943,673709992831262724,299,890
1944,673708611235921920,310,1122
1945,673707060090052608,422,1157
1946,673705679337693185,426,1316
1947,673700254269775872,614,1506
1948,673697980713705472,2116,3986
1949,673689733134946305,694,1829
1950,673688752737402881,529,1326
1951,673686845050527744,469,1515
1952,673680198160809984,509,1432
1953,673662677122719744,388,1309
1954,673656262056419329,262,750
1955,673636718965334016,398,1175
1956,673612854080196609,784,1663
1957,673583129559498752,394,1246
1958,673580926094458881,289,865
1959,673576835670777856,601,1448
1960,673363615379013632,334,1067
1961,673359818736984064,717,1525
1962,673355879178194945,634,1565
1963,673352124999274496,581,1726
1964,673350198937153538,225,765
1965,673345638550134785,1386,2644
1966,673343217010679808,285,1016
1967,673342308415348736,635,1324
1968,673320132811366400,8518,14192
1969,673317986296586240,284,903
1970,673295268553605120,3405,7891
1971,673270968295534593,396,1111
1972,673240798075449344,778,1482
1973,673213039743795200,907,2364
1974,673148804208660480,680,1782
1975,672997845381865473,770,2055
1976,672995267319328768,320,998
1977,672988786805112832,308,1017
1978,672984142909456390,583,1301
1979,672980819271634944,1057,1885
1980,672975131468300288,992,1768
1981,672970152493887488,380,996
1982,672968025906282496,591,1372
1983,672964561327235073,691,1487
1984,672902681409806336,538,1422
1985,672898206762672129,448,927
1986,672884426393653248,882,1623
1987,672877615439593473,394,1075
1988,672834301050937345,614,1374
1989,672828477930868736,519,1318
1990,672640509974827008,345,1016
1991,672622327801233409,527,1356
1992,672614745925664768,632,1277
1993,672609152938721280,416,1161
1994,672604026190569472,436,1167
1995,672594978741354496,648,1381
1996,672591762242805761,356,992
1997,672591271085670400,201,760
1998,672538107540070400,398,1072
1999,672523490734551040,185,679
2000,672488522314567680,472,1164
2001,672482722825261057,652,1188
2002,672481316919734272,131,741
2003,672475084225949696,756,1508
2004,672466075045466113,581,1417
2005,672272411274932228,3611,6760
2006,672267570918129665,651,1563
2007,672264251789176834,370,1197
2008,672256522047614977,1667,2942
2009,672254177670729728,787,1486
2010,672248013293752320,646,1799
2011,672245253877968896,167,715
2012,672239279297454080,342,936
2013,672231046314901505,1074,1923
2014,672222792075620352,227,817
2015,672205392827572224,1237,2365
2016,672169685991993344,395,1059
2017,672160042234327040,386,908
2018,672139350159835138,773,1835
2019,672125275208069120,1221,2515
2020,672095186491711488,392,1038
2021,672082170312290304,392,986
2022,672068090318987265,551,1359
2023,671896809300709376,4430,8848
2024,671891728106971137,601,1388
2025,671882082306625538,1471,3622
2026,671879137494245376,734,1477
2027,671874878652489728,590,1307
2028,671866342182637568,536,1172
2029,671855973984772097,487,955
2030,671789708968640512,3728,7393
2031,671768281401958400,557,1242
2032,671763349865160704,981,1753
2033,671744970634719232,824,1401
2034,671743150407421952,241,770
2035,671735591348891648,797,1508
2036,671729906628341761,4669,8941
2037,671561002136281088,7747,13466
2038,671550332464455680,223,954
2039,671547767500775424,637,1421
2040,671544874165002241,1124,2089
2041,671542985629241344,604,1140
2042,671538301157904385,425,966
2043,671536543010570240,436,1229
2044,671533943490011136,614,1072
2045,671528761649688577,275,878
2046,671520732782923777,575,1461
2047,671518598289059840,312,989
2048,671511350426865664,775,1690
2049,671504605491109889,3781,7369
2050,671497587707535361,473,964
2051,671488513339211776,505,1053
2052,671486386088865792,222,611
2053,671485057807351808,247,794
2054,671390180817915904,788,1483
2055,671362598324076544,312,1170
2056,671357843010908160,156,418
2057,671355857343524864,119,498
2058,671347597085433856,462,1013
2059,671186162933985280,231,770
2060,671182547775299584,366,1173
2061,671166507850801152,378,910
2062,671163268581498880,1184,1737
2063,671159727754231808,89,392
2064,671154572044468225,231,755
2065,671151324042559489,162,701
2066,671147085991960577,246,699
2067,671141549288370177,697,1221
2068,671138694582165504,430,971
2069,671134062904504320,208,781
2070,671122204919246848,2703,3657
2071,671115716440031232,823,1406
2072,671109016219725825,469,1197
2073,670995969505435648,310,1154
2074,670842764863651840,9379,25680
2075,670840546554966016,210,619
2076,670838202509447168,741,1164
2077,670833812859932673,133,465
2078,670832455012716544,236,764
2079,670826280409919488,4363,5833
2080,670823764196741120,203,810
2081,670822709593571328,104,635
2082,670815497391357952,1662,3329
2083,670811965569282048,288,1178
2084,670807719151067136,524,1200
2085,670804601705242624,1008,2058
2086,670803562457407488,93,351
2087,670797304698376195,252,759
2088,670792680469889025,294,871
2089,670789397210615808,254,690
2090,670786190031921152,215,630
2091,670783437142401025,422,855
2092,670782429121134593,841,1649
2093,670780561024270336,307,810
2094,670778058496974848,76,341
2095,670764103623966721,454,1126
2096,670755717859713024,120,466
2097,670733412878163972,540,1005
2098,670727704916926465,392,868
2099,670717338665226240,530,1275
2100,670704688707301377,395,795
2101,670691627984359425,257,613
2102,670679630144274432,311,784
2103,670676092097810432,45,261
2104,670668383499735048,5391,11235
2105,670474236058800128,817,1603
2106,670468609693655041,89,366
2107,670465786746662913,591,1013
2108,670452855871037440,220,572
2109,670449342516494336,718,1243
2110,670444955656130560,2108,7018
2111,670442337873600512,207,679
2112,670435821946826752,560,1098
2113,670434127938719744,693,1473
2114,670433248821026816,121,336
2115,670428280563085312,677,1455
2116,670427002554466305,174,538
2117,670421925039075328,685,1372
2118,670420569653809152,333,658
2119,670417414769758208,343,591
2120,670411370698022913,969,2137
2121,670408998013820928,239,586
2122,670403879788544000,170,450
2123,670385711116361728,227,584
2124,670374371102445568,287,772
2125,670361874861563904,71,341
2126,670338931251150849,118,445
2127,670319130621435904,1322,4037
2128,670303360680108032,146,443
2129,670290420111441920,304,737
2130,670093938074779648,359,1084
2131,670086499208155136,268,725
2132,670079681849372674,1343,2333
2133,670073503555706880,846,1637
2134,670069087419133954,265,665
2135,670061506722140161,370,801
2136,670055038660800512,355,697
2137,670046952931721218,188,675
2138,670040295598354432,117,786
2139,670037189829525505,299,613
2140,670003130994700288,98,345
2141,669993076832759809,90,337
2142,669972011175813120,172,462
2143,669970042633789440,65,316
2144,669942763794931712,180,527
2145,669926384437997569,112,394
2146,669923323644657664,62,246
2147,669753178989142016,426,842
2148,669749430875258880,68,285
2149,669684865554620416,94,545
2150,669683899023405056,117,409
2151,669682095984410625,141,369
2152,669680153564442624,307,699
2153,669661792646373376,467,841
2154,669625907762618368,1923,3701
2155,669603084620980224,394,992
2156,669597912108789760,160,538
2157,669583744538451968,992,1558
2158,669573570759163904,154,455
2159,669571471778410496,1068,1660
2160,669567591774625800,61,244
2161,669564461267722241,131,405
2162,669393256313184256,81,377
2163,669375718304980992,772,1396
2164,669371483794317312,190,515
2165,669367896104181761,169,480
2166,669363888236994561,246,652
2167,669359674819481600,132,383
2168,669354382627049472,1356,2839
2169,669353438988365824,273,674
2170,669351434509529089,200,465
2171,669328503091937280,442,1055
2172,669327207240699904,122,600
2173,669324657376567296,220,516
2174,669216679721873412,409,945
2175,669214165781868544,179,461
2176,669203728096960512,510,1057
2177,669037058363662336,329,683
2178,669015743032369152,395,775
2179,669006782128353280,265,600
2180,669000397445533696,6798,21805
2181,668994913074286592,250,460
2182,668992363537309700,376,784
2183,668989615043424256,349,712
2184,668988183816871936,507,946
2185,668986018524233728,180,574
2186,null,null,null
2187,668979806671884288,376,831
2188,668975677807423489,623,1370
2189,668967877119254528,25,157
2190,668960084974809088,253,740
2191,668955713004314625,74,296
2192,668932921458302977,62,281
2193,668902994700836864,106,332
2194,668892474547511297,163,414
2195,668872652652679168,317,551
2196,668852170888998912,175,471
2197,668826086256599040,148,457
2198,668815180734689280,287,597
2199,668779399630725120,399,736
2200,668655139528511488,230,553
2201,668645506898350081,578,938
2202,668643542311546881,567,925
2203,668641109086707712,568,1125
2204,668636665813057536,515,1089
2205,668633411083464705,1753,2962
2206,668631377374486528,340,747
2207,668627278264475648,122,333
2208,668625577880875008,140,410
2209,668623201287675904,836,1512
2210,668620235289837568,45,210
2211,668614819948453888,337,639
2212,668587383441514497,1149,1735
2213,668567822092664832,61,257
2214,668544745690562560,243,542
2215,668542336805281792,227,483
2216,668537837512433665,78,260
2217,668528771708952576,238,490
2218,668507509523615744,113,339
2219,668496999348633600,141,429
2220,668484198282485761,250,443
2221,668480044826800133,157,482
2222,668466899341221888,547,923
2223,668297328638447616,313,645
2224,668291999406125056,34,261
2225,668286279830867968,147,526
2226,668274247790391296,246,865
2227,668268907921326080,255,580
2228,668256321989451776,657,1359
2229,668248472370458624,517,1036
2230,668237644992782336,3029,6490
2231,668226093875376128,113,320
2232,668221241640230912,213,531
2233,668204964695683073,204,577
2234,668190681446379520,207,679
2235,668171859951755264,204,512
2236,668154635664932864,333,514
2237,668142349051129856,303,582
2238,668113020489474048,261,694
2239,667937095915278337,842,1331
2240,667924896115245057,119,309
2241,667915453470232577,58,218
2242,667911425562669056,320,510
2243,667902449697558528,391,877
2244,667886921285246976,1157,1971
2245,667885044254572545,517,849
2246,667878741721415682,126,405
2247,667873844930215936,430,657
2248,667866724293877760,1089,3118
2249,667861340749471744,83,251
2250,667832474953625600,68,296
2251,667806454573760512,525,1089
2252,667801013445750784,100,339
2253,667793409583771648,347,720
2254,667782464991965184,254,429
2255,667773195014021121,59,240
2256,667766675769573376,231,463
2257,667728196545200128,159,387
2258,667724302356258817,338,510
2259,667550904950915073,35,0
2260,667550882905632768,33,0
2261,667549055577362432,2415,6021
2262,667546741521195010,134,345
2263,667544320556335104,554,901
2264,667538891197542400,70,209
2265,667534815156183040,565,850
2266,667530908589760512,256,487
2267,667524857454854144,1176,1768
2268,667517642048163840,199,383
2269,667509364010450944,2232,7036
2270,667502640335572993,228,554
2271,667495797102141441,290,549
2272,667491009379606528,237,551
2273,667470559035432960,101,268
2274,667455448082227200,65,197
2275,667453023279554560,94,322
2276,667443425659232256,610,812
2277,667437278097252352,252,468
2278,667435689202614272,86,318
2279,667405339315146752,227,482
2280,667393430834667520,58,204
2281,667369227918143488,170,380
2282,667211855547486208,252,509
2283,667200525029539841,275,640
2284,667192066997374976,112,404
2285,667188689915760640,437,770
2286,667182792070062081,6505,14853
2287,667177989038297088,57,195
2288,667176164155375616,479,631
2289,667174963120574464,86,257
2290,667171260800061440,95,229
2291,667165590075940865,1208,2770
2292,667160273090932737,65,264
2293,667152164079423490,17871,48982
2294,667138269671505920,2327,4761
2295,667119796878725120,133,338
2296,667090893657276420,130,341
2297,667073648344346624,129,416
2298,667070482143944705,14,86
2299,667065535570550784,49,171
2300,667062181243039745,55,223
2301,667044094246576128,52,194
2302,667012601033924608,234,464
2303,666996132027977728,100,251
2304,666983947667116034,1025,2634
2305,666837028449972224,569,841
2306,666835007768551424,82,221
2307,666826780179869698,101,261
2308,666817836334096384,259,535
2309,666804364988780544,94,246
2310,666786068205871104,504,787
2311,666781792255496192,203,398
2312,666776908487630848,180,360
2313,666739327293083650,67,240
2314,666701168228331520,224,443
2315,666691418707132416,48,190
2316,666649482315059201,596,904
2317,666644823164719104,86,236
2318,666454714377183233,215,531
2319,666447344410484738,22,105
2320,666437273139982337,50,129
2321,666435652385423360,54,168
2322,666430724426358785,200,322
2323,666428276349472768,86,167
2324,666421158376562688,116,321
2325,666418789513326592,47,127
2326,666411507551481857,333,452
2327,666407126856765440,42,112
2328,666396247373291520,87,170
2329,666373753744588802,95,192
2330,666362758909284353,581,788
2331,666353288456101888,74,227
2332,666345417576210432,143,304
2333,666337882303524864,94,201
2334,666293911632134144,361,513
2335,666287406224695296,68,151
2336,666273097616637952,78,179
2337,666268910803644416,36,105
2338,666104133288665088,6720,14506
2339,666102155909144576,13,80
2340,666099513787052032,71,159
2341,666094000022159362,76,166
2342,666082916733198337,45,120
2343,666073100786774016,172,326
2344,666071193221509120,63,150
2345,666063827256086533,224,484
2346,666058600524156928,58,114
2347,666057090499244032,143,300
2348,666055525042405380,258,442
2349,666051853826850816,864,1237
2350,666050758794694657,59,133
2351,666049248165822465,40,109
2352,666044226329800704,141,303
2353,666033412701032449,45,126
2354,666029285002620928,47,131
2355,666020888022790149,519,2520
